100019708460
100019717660
100019726938
100019730630
100019740462
100019746197
100019751516
100019754735
100019755999
100019767985
100019783929
100019791691
100019804792
100019807636
100019813137
100019834248
100019838253
100019839618
100019849012
100019856652
100019859076
100019869128
100019891645
100019896789
100019897660
100019900121
100019906762
100019907059
100019923579
100019923808
100019935951
100019937179
100019948572
100019948295
100019965693
100019968150
100019976644
100019976631
100019989945
100019992277
100019996885
100019999299
100020002298
100020006640
100020021523
100020023197
100020023032
100020023731
100020024306
100020035719
100020041034
100020045178
100020050707
100020053871
100020067738
100020073170
100020078237
100020078878
100020079357
100020081286
100020083137
100020091030
100020092425
100020095102
100020110242
100020111064
100020112898
100020114494
100020120423
100020146201
100020154168
100020160329
100020164364
100020168273
100020172894
100020177780
100020180987
100020186276
100020203724
100020205135
100020210051
100020210385
100020211904
100020214847
100020215940
100020215400
100020219916
100020221630
100020226417
100020233922
100020233564
100020241883
100020246903
100020247157
100020266707
100020269204
100020269344
100020272228
100020286193
100020286291
100020294355
100020298765
100020310117
100020311619
100020314185
100020313361
100020320593
100020326089
100020328281
100020333868
100020344898
100020347491
100020352441
100020353270
100020362803
100020364023
100020370065
100020376276
100020382651
100020398065
100020406432
100020410801
100020411548
100020418276
100020418207
100020438495
100020445670
100020448197
100020449416
100020467533
100020470231
100020486018
100020488050
100020488833
100020500539
100020500540
100020502934
100020511281
100020513781
100020521218
100020525660
100020527879
100020548980
100020567008
100020571428
100020576064
100020613585
100020618345
100020629026
100020634734
100020638544
100020641720
100020646874
100020655163
100020658401
100020662856
100020669945
100020673087
100020674959
100020689171
100020689317
100020690889
100020694991
100020696285
100020696634
100020697979
100020709624
100020724923
100020735116
100020738850
100020751447
100020751825
100020761978
100020777356
100020779006
100020779989
100020787716
100020787649
100020793215
100020796845
100020809851
100020810935
100020817029
100020823748
100020826892
100020830652
100020831227
100020856589
100020869626
100020877242
100020882359
100020887347
100020898913
100020902391
100020904445
100020904963
100020907310
100020913424
100020917087
100020918984
100020921387
100020925674
100020927711
100020934945
100020940122
100020963822
100020972412
100020976822
100020977705
100020980914
100020995867
100020998576
100021008518
100021018560
100021025553
100021026478
100021026351
100021029060
100021035218
100021037346
100021038434
100021043892
100021043413
100021061016
100021062745
100021064516
100021084995
100021096820
100021096628
100021098179
100021105065
100021105082
100021106604
100021105608
100021116971
100021120021
100021122739
100021127650
100021129302
100021134303
100021137187
100021138659
100021148252
100021154040
100021158168
100021161474
100021171512
100021186685
100021190561
100021193785
100021200882
100021201389
100021211745
100021217775
100021221290
100021222448
100021234490
100021238924
100021244534
100021252135
100021253262
100021253560
100021254097
100021264420
100021268068
100021270233
100021275620
100021287768
100021289780
100021291217
100021295378
100021298597
100021299064
100021301919
100021306266
100021310543
100021310370
100021314838
100021320246
100021322407
100021342945
100021352673
100021355770
100021355679
100021361661
100021363429
100021365630
100021374055
100021383132
100021387617
100021389907
100021395876
100021396866
100021407685
100021410844
100021423580
100021425435
100021425951
100021431789
100021440572
100021444201
100021475959
100021481526
100021485774
100021489682
100021496729
100021515165
100021516686
100021518500
100021528053
100021531021
100021532000
100021548221
100021565175
100021567081
100021568362
100021578318
100021579374
100021580894
100021582133
100021584372
100021590890
100021593694
100021594628
100021594556
100021601125
100021602137
100021612097
100021618824
100021625420
100021632875
100021637628
100021677560
100021678394
100021682078
100021697624
100021699670
100021706702
100021713716
100021725664
100021736711
100021736495
100021744213
100021750369
100021753750
100021756198
100021764824
100021769603
100021778079
100021782788
100021782832
100021783902
100021796694
100021853034
100021856449
100021857416
100021861689
100021865371
100021866081
100021866249
100021874314
100021884455
100021885603
100021887903
100021888414
100021892832
100021896926
100021901456
100021906370
100021912003
100021922144
100021924095
100021945205
100021952758
100021959397
100021962334
